1 0.08671875000000001 0.7157894736842105 0.1609375 0.3526315789473684
0 0.9476562500000001 0.5407894736842105 0.1015625 0.060526315789473685
0 0.7828125 0.5434210526315789 0.15000000000000002 0.060526315789473685
0 0.50625 0.65 0.259375 0.42105263157894735
3 0.51171875 0.37105263157894736 0.004687500000000001 0.02631578947368421
3 0.46015625000000004 0.37105263157894736 0.004687500000000001 0.02631578947368421
3 0.40156250000000004 0.37105263157894736 0.00625 0.02631578947368421
3 0.6765625000000001 0.3171052631578947 0.009375000000000001 0.039473684210526314
3 0.7210937500000001 0.2802631578947368 0.0140625 0.04473684210526316
3 0.7765625 0.23552631578947367 0.015625 0.05526315789473684
