0 0.45234375000000004 0.5184210526315789 0.0390625 0.03684210526315789
0 0.0671875 0.5447368421052632 0.134375 0.10526315789473684
0 0.35000000000000003 0.5302631578947369 0.09375 0.09210526315789473
3 0.54921875 0.3881578947368421 0.004687500000000001 0.02368421052631579
3 0.50390625 0.3868421052631579 0.004687500000000001 0.021052631578947368
3 0.45156250000000003 0.3868421052631579 0.003125 0.021052631578947368
3 0.25 0.3592105263157895 0.009375000000000001 0.02894736842105263
3 0.2171875 0.34078947368421053 0.009375000000000001 0.034210526315789476
3 0.16562500000000002 0.3131578947368421 0.0125 0.03684210526315789
3 0.83984375 0.2789473684210526 0.0140625 0.04736842105263158
3 0.9304687500000001 0.21842105263157893 0.0203125 0.06315789473684211
0 0.12890625 0.531578947368421 0.1078125 0.08421052631578947
0 0.5007812500000001 0.5144736842105263 0.026562500000000003 0.039473684210526314
