1 0.21875 0.6263157894736842 0.09375 0.25789473684210523
0 0.75390625 0.531578947368421 0.1328125 0.05263157894736842
0 0.9226562500000001 0.5302631578947369 0.09843750000000001 0.05526315789473684
0 0.5 0.5868421052631578 0.15000000000000002 0.26842105263157895
3 0.51015625 0.37236842105263157 0.004687500000000001 0.02368421052631579
3 0.46328125000000003 0.37236842105263157 0.004687500000000001 0.02368421052631579
3 0.40859375000000003 0.37236842105263157 0.004687500000000001 0.02368421052631579
3 0.025781250000000002 0.34736842105263155 0.010937500000000001 0.031578947368421054
3 0.659375 0.32763157894736844 0.009375000000000001 0.034210526315789476
3 0.69453125 0.2986842105263158 0.010937500000000001 0.039473684210526314
3 0.73828125 0.2631578947368421 0.0140625 0.04736842105263158
