0 0.56171875 0.5973684210526315 0.15781250000000002 0.15263157894736842
3 0.434375 0.4052631578947368 0.003125 0.010526315789473684
3 0.5328125 0.40789473684210525 0.003125 0.021052631578947368
3 0.49375 0.40657894736842104 0.003125 0.018421052631578946
3 0.446875 0.40657894736842104 0.003125 0.018421052631578946
3 0.29609375 0.38552631578947366 0.0078125 0.02368421052631579
3 0.27578125000000003 0.37236842105263157 0.0078125 0.02894736842105263
3 0.24375000000000002 0.3526315789473684 0.009375000000000001 0.031578947368421054
3 0.7515625 0.3078947368421053 0.0125 0.042105263157894736
3 0.8125 0.2631578947368421 0.015625 0.05263157894736842
3 0.8921875 0.20394736842105263 0.021875000000000002 0.06578947368421052
0 0.453125 0.5197368421052632 0.028125 0.04473684210526316
