0 0.45 0.531578947368421 0.043750000000000004 0.042105263157894736
0 0.84375 0.5460526315789473 0.153125 0.07631578947368421
3 0.55078125 0.3907894736842105 0.004687500000000001 0.02368421052631579
3 0.50390625 0.3881578947368421 0.004687500000000001 0.02368421052631579
3 0.44765625000000003 0.3881578947368421 0.004687500000000001 0.02368421052631579
3 0.23125 0.35657894736842105 0.009375000000000001 0.02894736842105263
3 0.19296875000000002 0.3355263157894737 0.010937500000000001 0.034210526315789476
3 0.13046875 0.3026315789473684 0.0140625 0.042105263157894736
3 0.88203125 0.26052631578947366 0.0171875 0.05263157894736842
3 0.9929687500000001 0.18421052631578946 0.010937500000000001 0.06842105263157895
