0 0.3203125 0.5171052631578947 0.08125 0.06578947368421052
0 0.06640625 0.5236842105263158 0.13593750000000002 0.10526315789473684
0 0.45859375 0.5342105263157895 0.1078125 0.16842105263157894
3 0.54921875 0.3657894736842105 0.004687500000000001 0.021052631578947368
3 0.50390625 0.3657894736842105 0.004687500000000001 0.021052631578947368
3 0.45078125 0.3644736842105263 0.004687500000000001 0.02368421052631579
3 0.2484375 0.3355263157894737 0.009375000000000001 0.02894736842105263
3 0.21484375 0.31842105263157894 0.010937500000000001 0.031578947368421054
3 0.1625 0.29078947368421054 0.0125 0.039473684210526314
3 0.8421875000000001 0.25526315789473686 0.015625 0.04736842105263158
3 0.9343750000000001 0.19473684210526315 0.021875000000000002 0.06315789473684211
