1 0.296875 0.6026315789473684 0.053125000000000006 0.1631578947368421
0 0.49843750000000003 0.5210526315789473 0.037500000000000006 0.06842105263157895
3 0.50625 0.42236842105263156 0.003125 0.013157894736842105
3 0.4765625 0.42236842105263156 0.003125 0.013157894736842105
3 0.4421875 0.42236842105263156 0.003125 0.013157894736842105
3 0.22578125000000002 0.41578947368421054 0.004687500000000001 0.015789473684210527
3 0.5867187500000001 0.40789473684210525 0.004687500000000001 0.015789473684210527
3 0.20625000000000002 0.40921052631578947 0.00625 0.018421052631578946
3 0.59765625 0.3986842105263158 0.004687500000000001 0.018421052631578946
3 0.609375 0.39210526315789473 0.00625 0.021052631578947368
