1 0.08671875000000001 0.7052631578947368 0.1609375 0.3736842105263158
0 0.23203125000000002 0.5434210526315789 0.1484375 0.060526315789473685
0 0.5015625 0.6486842105263158 0.253125 0.4236842105263158
3 0.51171875 0.37105263157894736 0.004687500000000001 0.02631578947368421
3 0.46015625000000004 0.37105263157894736 0.004687500000000001 0.02631578947368421
3 0.40156250000000004 0.37105263157894736 0.00625 0.02631578947368421
3 0.6765625000000001 0.31842105263157894 0.009375000000000001 0.03684210526315789
3 0.7203125 0.28157894736842104 0.0125 0.04736842105263158
3 0.7765625 0.23552631578947367 0.015625 0.05526315789473684
0 0.5953125 0.5434210526315789 0.096875 0.07631578947368421
