0 0.45390625 0.5197368421052632 0.0421875 0.039473684210526314
0 0.06484375 0.5460526315789473 0.1296875 0.10263157894736842
3 0.54921875 0.3881578947368421 0.004687500000000001 0.02368421052631579
3 0.50390625 0.3868421052631579 0.004687500000000001 0.021052631578947368
3 0.45156250000000003 0.3868421052631579 0.003125 0.021052631578947368
3 0.25 0.3592105263157895 0.009375000000000001 0.02894736842105263
3 0.2171875 0.34078947368421053 0.009375000000000001 0.034210526315789476
3 0.16562500000000002 0.3131578947368421 0.0125 0.03684210526315789
3 0.83984375 0.2789473684210526 0.0140625 0.04736842105263158
3 0.9304687500000001 0.21842105263157893 0.0203125 0.06315789473684211
0 0.18046875 0.5236842105263158 0.1203125 0.08947368421052632
0 0.49921875000000004 0.5118421052631579 0.0203125 0.02368421052631579
