1 0.25390625 0.6236842105263157 0.0671875 0.19999999999999998
0 0.7953125000000001 0.5263157894736842 0.07500000000000001 0.03684210526315789
0 0.025 0.5263157894736842 0.05 0.04736842105263158
0 0.6648437500000001 0.5223684210526316 0.0671875 0.04473684210526316
0 0.49921875000000004 0.5368421052631579 0.0578125 0.11052631578947368
3 0.5078125 0.40657894736842104 0.003125 0.018421052631578946
3 0.47109375000000003 0.40657894736842104 0.004687500000000001 0.018421052631578946
3 0.42812500000000003 0.40657894736842104 0.003125 0.018421052631578946
3 0.15078125 0.39210526315789473 0.0078125 0.021052631578947368
3 0.6125 0.381578947368421 0.00625 0.021052631578947368
3 0.11796875000000001 0.38289473684210523 0.0078125 0.02368421052631579
3 0.63203125 0.3684210526315789 0.0078125 0.02631578947368421
3 0.0703125 0.3684210526315789 0.009375000000000001 0.02631578947368421
3 0.65234375 0.3526315789473684 0.0078125 0.031578947368421054
