0 0.496875 0.7092105263157894 0.28750000000000003 0.35526315789473684
0 0.33203125 0.5171052631578947 0.0734375 0.05526315789473684
3 0.52890625 0.40921052631578947 0.004687500000000001 0.018421052631578946
3 0.49296875 0.40921052631578947 0.004687500000000001 0.018421052631578946
3 0.45156250000000003 0.40921052631578947 0.003125 0.018421052631578946
3 0.43593750000000003 0.4026315789473684 0.003125 0.010526315789473684
3 0.31875000000000003 0.39210526315789473 0.00625 0.021052631578947368
3 0.30234375 0.38289473684210523 0.0078125 0.02368421052631579
3 0.27890625 0.3671052631578947 0.0078125 0.02894736842105263
3 0.7078125000000001 0.3355263157894737 0.009375000000000001 0.034210526315789476
3 0.74765625 0.30657894736842106 0.010937500000000001 0.039473684210526314
3 0.79609375 0.2710526315789474 0.0140625 0.04736842105263158
