0 0.1796875 0.5197368421052632 0.134375 0.07105263157894737
0 0.047656250000000004 0.5 0.09531250000000001 0.09999999999999999
0 0.49609375 0.5657894736842105 0.1203125 0.21052631578947367
3 0.5390625 0.3986842105263158 0.003125 0.018421052631578946
3 0.50234375 0.3986842105263158 0.004687500000000001 0.018421052631578946
3 0.45937500000000003 0.3986842105263158 0.003125 0.018421052631578946
3 0.30390625000000004 0.38026315789473686 0.0078125 0.02368421052631579
3 0.28359375000000003 0.36973684210526314 0.0078125 0.02368421052631579
3 0.25546875 0.3539473684210526 0.0078125 0.02894736842105263
3 0.7312500000000001 0.3394736842105263 0.009375000000000001 0.031578947368421054
3 0.76953125 0.3131578947368421 0.010937500000000001 0.03684210526315789
3 0.8148437500000001 0.28289473684210525 0.0140625 0.04473684210526316
