0 0.015625 0.5368421052631579 0.03125 0.04736842105263158
0 0.58046875 0.5289473684210526 0.051562500000000004 0.042105263157894736
0 0.5007812500000001 0.525 0.0390625 0.049999999999999996
0 0.09140625000000001 0.5236842105263158 0.0703125 0.04736842105263158
0 0.95625 0.6210526315789473 0.084375 0.3
3 0.31640625 0.24736842105263157 0.010937500000000001 0.05263157894736842
3 0.203125 0.22894736842105262 0.0125 0.05789473684210526
3 0.051562500000000004 0.20394736842105263 0.018750000000000003 0.060526315789473685
3 0.7046875 0.06842105263157895 0.025 0.09999999999999999
0 0.2546875 0.5052631578947369 0.028125 0.031578947368421054
