0 0.49843750000000003 0.5894736842105263 0.1375 0.21052631578947367
3 0.5281250000000001 0.4131578947368421 0.003125 0.015789473684210527
3 0.49375 0.4131578947368421 0.003125 0.015789473684210527
3 0.4546875 0.4131578947368421 0.003125 0.015789473684210527
3 0.4390625 0.4026315789473684 0.003125 0.010526315789473684
3 0.3359375 0.39999999999999997 0.00625 0.021052631578947368
3 0.32343750000000004 0.3907894736842105 0.00625 0.02368421052631579
3 0.3046875 0.37894736842105264 0.00625 0.02631578947368421
3 0.6804687500000001 0.3539473684210526 0.0078125 0.02894736842105263
3 0.71015625 0.33289473684210524 0.010937500000000001 0.034210526315789476
3 0.7445312500000001 0.30657894736842106 0.010937500000000001 0.039473684210526314
0 0.45937500000000003 0.5052631578947369 0.028125 0.04736842105263158
