1 0.0890625 0.7263157894736842 0.16562500000000002 0.34210526315789475
0 0.9476562500000001 0.5328947368421052 0.1015625 0.07631578947368421
0 0.7828125 0.5434210526315789 0.15000000000000002 0.060526315789473685
0 0.14453125 0.5486842105263158 0.1265625 0.08157894736842106
0 0.50625 0.65 0.259375 0.42105263157894735
3 0.51171875 0.37105263157894736 0.004687500000000001 0.02631578947368421
3 0.46015625000000004 0.37105263157894736 0.004687500000000001 0.02631578947368421
3 0.40156250000000004 0.37105263157894736 0.00625 0.02631578947368421
3 0.6765625000000001 0.31842105263157894 0.009375000000000001 0.03684210526315789
3 0.7203125 0.28157894736842104 0.0125 0.04736842105263158
3 0.7765625 0.23552631578947367 0.015625 0.05526315789473684
