1 0.08515625 0.7026315789473684 0.1703125 0.3736842105263158
0 0.9390625 0.5434210526315789 0.11875000000000001 0.060526315789473685
0 0.7359375 0.5381578947368421 0.146875 0.07105263157894737
0 0.50625 0.65 0.259375 0.42105263157894735
3 0.51171875 0.37105263157894736 0.004687500000000001 0.02631578947368421
3 0.46015625000000004 0.37105263157894736 0.004687500000000001 0.02631578947368421
3 0.40156250000000004 0.37105263157894736 0.00625 0.02631578947368421
3 0.6765625000000001 0.31842105263157894 0.009375000000000001 0.03684210526315789
3 0.7203125 0.28157894736842104 0.0125 0.04736842105263158
3 0.7765625 0.23552631578947367 0.015625 0.05526315789473684
