1 0.08750000000000001 0.7131578947368421 0.17500000000000002 0.3684210526315789
0 0.7828125 0.5434210526315789 0.15000000000000002 0.060526315789473685
0 0.18125000000000002 0.5486842105263158 0.125 0.07631578947368421
0 0.9359375000000001 0.5421052631578948 0.125 0.09473684210526316
0 0.50625 0.65 0.259375 0.42105263157894735
3 0.51171875 0.37105263157894736 0.004687500000000001 0.02631578947368421
3 0.46015625000000004 0.37105263157894736 0.004687500000000001 0.02631578947368421
3 0.40156250000000004 0.37105263157894736 0.00625 0.02631578947368421
3 0.6765625000000001 0.31842105263157894 0.009375000000000001 0.03684210526315789
3 0.7203125 0.28157894736842104 0.0125 0.04736842105263158
3 0.7765625 0.23552631578947367 0.015625 0.05526315789473684
