1 0.23359375000000002 0.6381578947368421 0.0765625 0.22894736842105262
0 0.6234375000000001 0.5236842105263158 0.037500000000000006 0.03684210526315789
0 0.3171875 0.5210526315789473 0.07187500000000001 0.06842105263157895
0 0.5015625 0.625 0.18125000000000002 0.31842105263157894
3 0.51171875 0.37236842105263157 0.004687500000000001 0.02368421052631579
3 0.45859375 0.37236842105263157 0.004687500000000001 0.02368421052631579
3 0.39609375 0.3736842105263158 0.004687500000000001 0.02631578947368421
3 0.6898437500000001 0.31184210526315786 0.010937500000000001 0.039473684210526314
3 0.74140625 0.26973684210526316 0.0140625 0.049999999999999996
3 0.8078125 0.21447368421052632 0.018750000000000003 0.060526315789473685
