1 0.0890625 0.7092105263157894 0.171875 0.3763157894736842
0 0.9476562500000001 0.5342105263157895 0.1015625 0.07368421052631578
0 0.30000000000000004 0.5355263157894736 0.11875000000000001 0.07631578947368421
0 0.5046875000000001 0.6486842105263158 0.25625000000000003 0.4236842105263158
3 0.51171875 0.37105263157894736 0.004687500000000001 0.02631578947368421
3 0.46015625000000004 0.37105263157894736 0.004687500000000001 0.02631578947368421
3 0.40156250000000004 0.37105263157894736 0.00625 0.02631578947368421
3 0.6765625000000001 0.31842105263157894 0.009375000000000001 0.03684210526315789
3 0.7203125 0.28157894736842104 0.0125 0.04736842105263158
3 0.7765625 0.23552631578947367 0.015625 0.05526315789473684
0 0.6882812500000001 0.5434210526315789 0.1234375 0.09210526315789473
0 0.7953125000000001 0.5460526315789473 0.12812500000000002 0.07105263157894737
