0 0.496875 0.7078947368421052 0.28750000000000003 0.3526315789473684
3 0.52890625 0.40921052631578947 0.004687500000000001 0.018421052631578946
3 0.49296875 0.40921052631578947 0.004687500000000001 0.018421052631578946
3 0.45156250000000003 0.40921052631578947 0.003125 0.018421052631578946
3 0.31875000000000003 0.39210526315789473 0.00625 0.021052631578947368
3 0.30234375 0.38026315789473686 0.0078125 0.02368421052631579
3 0.27890625 0.3671052631578947 0.0078125 0.02894736842105263
3 0.70703125 0.33421052631578946 0.010937500000000001 0.031578947368421054
3 0.74765625 0.30394736842105263 0.010937500000000001 0.039473684210526314
3 0.79609375 0.26842105263157895 0.0140625 0.04736842105263158
0 0.45546875000000003 0.5105263157894737 0.029687500000000002 0.05789473684210526
