0 0.0578125 0.8210526315789474 0.115625 0.3526315789473684
0 0.44140625 0.5302631578947369 0.0671875 0.05526315789473684
0 0.065625 0.5381578947368421 0.13125 0.11842105263157894
3 0.54921875 0.3881578947368421 0.004687500000000001 0.02368421052631579
3 0.50390625 0.3868421052631579 0.004687500000000001 0.021052631578947368
3 0.45156250000000003 0.3868421052631579 0.003125 0.021052631578947368
3 0.25 0.3592105263157895 0.009375000000000001 0.02894736842105263
3 0.2171875 0.34078947368421053 0.009375000000000001 0.034210526315789476
3 0.16562500000000002 0.3131578947368421 0.0125 0.03684210526315789
3 0.83984375 0.2789473684210526 0.0140625 0.04736842105263158
3 0.9304687500000001 0.21842105263157893 0.0203125 0.06315789473684211
0 0.1765625 0.5276315789473685 0.10312500000000001 0.07105263157894737
